SEX,1,1,"a--M"
SEX,2,2,"b--F"
